10 2 3 0.40 17 0.5294117647058824 0.47058823529411764 1.7 0.9794108600911994 0.5761240353477644 1 0.6666666666666666 20.0 0.33333333333333337 1.9999999999999998 1.0
10 2 3 0.35 15 0.6666666666666666 0.3333333333333333 1.5 0.6334387530928737 0.4222925020619158 1 0.6666666666666666 20.0 0.33333333333333337 1.9999999999999998 1.0
10 2 3 0.40 19 0.631578947368421 0.3684210526315789 1.9 0.6087321771308398 0.32038535638465254 1 0.6666666666666666 20.0 0.33333333333333337 1.9999999999999998 1.0
10 2 3 0.40 24 0.25 0.75 2.4 2.1014873636339395 0.8756197348474748 1 0.6666666666666666 20.0 0.33333333333333337 1.9999999999999998 1.0
10 2 3 0.37 19 0.5263157894736842 0.47368421052631576 1.9 0.77712064852377 0.4090108676440895 1 0.6666666666666666 20.0 0.33333333333333337 1.9999999999999998 1.0
10 2 6 0.37 23 0.5217391304347826 0.4782608695652174 2.3 0.6843367803630701 0.29753773059263916 1 0.3333333333333333 20.0 0.6666666666666667 0.49999999999999994 0.25
10 2 6 0.41 29 0.5517241379310345 0.4482758620689655 2.9 0.994022199072701 0.34276627554231065 1 0.3333333333333333 20.0 0.6666666666666667 0.49999999999999994 0.25
10 2 6 0.38 28 0.5357142857142857 0.4642857142857143 2.8 0.6316083566397837 0.22557441308563703 1 0.3333333333333333 20.0 0.6666666666666667 0.49999999999999994 0.25
10 2 6 0.39 24 0.625 0.375 2.4 0.529483437499793 0.2206180989582471 1 0.3333333333333333 20.0 0.6666666666666667 0.49999999999999994 0.25
10 2 6 0.38 22 0.5454545454545454 0.45454545454545453 2.2 0.7365526935771476 0.33479667889870346 1 0.3333333333333333 20.0 0.6666666666666667 0.49999999999999994 0.25
10 2 25 0.37 25 0.84 0.16 2.5 0.14542799566295186 0.058171198265180746 1 0.08 20.0 0.92 0.08695652173913043 0.043478260869565216
10 2 25 0.37 19 1.0 0.0 1.9 0.08769823881747138 0.04615696779866915 1 0.08 20.0 0.92 0.08695652173913043 0.043478260869565216
10 2 25 0.36 19 0.9473684210526315 0.05263157894736842 1.9 0.09751396443685378 0.05132313917729146 1 0.08 20.0 0.92 0.08695652173913043 0.043478260869565216
10 2 25 0.44 24 0.9166666666666666 0.08333333333333333 2.4 0.11637447305493183 0.04848936377288826 1 0.08 20.0 0.92 0.08695652173913043 0.043478260869565216
10 2 25 0.41 23 0.8260869565217391 0.17391304347826086 2.3 0.14014563081978687 0.060932882965124724 1 0.08 20.0 0.92 0.08695652173913043 0.043478260869565216
10 5 6 0.42 57 0.17543859649122806 0.8245614035087719 5.7 2.7022849484221525 0.47408507867055305 1 0.8333333333333334 50.0 0.16666666666666663 5.000000000000002 1.0000000000000002
10 5 6 0.38 45 0.5555555555555556 0.4444444444444444 4.5 0.9270663919584976 0.20601475376855502 1 0.8333333333333334 50.0 0.16666666666666663 5.000000000000002 1.0000000000000002
10 5 6 0.35 58 0.017241379310344827 0.9827586206896551 5.8 6.442749502778426 1.1108188797893839 1 0.8333333333333334 50.0 0.16666666666666663 5.000000000000002 1.0000000000000002
10 5 6 0.39 50 0.18 0.82 5.0 4.614441942563408 0.9228883885126816 1 0.8333333333333334 50.0 0.16666666666666663 5.000000000000002 1.0000000000000002
10 5 6 0.36 61 0.08196721311475409 0.9180327868852459 6.1 7.372544248722404 1.208613811265968 1 0.8333333333333334 50.0 0.16666666666666663 5.000000000000002 1.0000000000000002
10 5 25 0.39 52 0.8076923076923077 0.19230769230769232 5.2 0.35189147978743873 0.0676714384206613 1 0.2 50.0 0.8 0.25 0.05
10 5 25 0.38 41 0.8292682926829268 0.17073170731707318 4.1 0.21974445335706153 0.05359620813586866 1 0.2 50.0 0.8 0.25 0.05
10 5 25 0.39 65 0.6923076923076923 0.3076923076923077 6.5 0.31220208048179315 0.04803108930489125 1 0.2 50.0 0.8 0.25 0.05
10 5 25 0.45 43 0.8372093023255814 0.16279069767441862 4.3 0.31604010506507685 0.07349769885234345 1 0.2 50.0 0.8 0.25 0.05
10 5 25 0.34 57 0.8245614035087719 0.17543859649122806 5.7 0.23122550565399363 0.04056587818491116 1 0.2 50.0 0.8 0.25 0.05
10 15 25 0.43 169 0.39644970414201186 0.6035502958579881 16.9 1.6001209292059808 0.09468171178733614 1 0.6 150.0 0.4 1.4999999999999998 0.1
10 15 25 0.37 159 0.31446540880503143 0.6855345911949685 15.9 2.402061804209352 0.15107306944712903 1 0.6 150.0 0.4 1.4999999999999998 0.1
10 15 25 0.48 139 0.5035971223021583 0.49640287769784175 13.9 1.238913384952534 0.08913045934910317 1 0.6 150.0 0.4 1.4999999999999998 0.1
10 15 25 0.39 152 0.4144736842105263 0.5855263157894737 15.2 1.83889784925072 0.12098012166123158 1 0.6 150.0 0.4 1.4999999999999998 0.1
10 15 25 0.43 156 0.40384615384615385 0.5961538461538461 15.6 1.6343383205210054 0.1047652769564747 1 0.6 150.0 0.4 1.4999999999999998 0.1
100 2 3 0.41 200 0.29 0.71 2.0 2.396081676324889 1.1980408381624446 1 0.6666666666666666 200.0 0.33333333333333337 1.9999999999999998 1.0
100 2 3 0.41 229 0.1615720524017467 0.8384279475982532 2.29 4.323146927439697 1.8878370862182083 1 0.6666666666666666 200.0 0.33333333333333337 1.9999999999999998 1.0
100 2 3 0.36 206 0.3640776699029126 0.6359223300970874 2.06 1.4958174593858369 0.7261249802843868 1 0.6666666666666666 200.0 0.33333333333333337 1.9999999999999998 1.0
100 2 3 0.36 193 0.29533678756476683 0.7046632124352331 1.93 2.323821766957839 1.204052728993699 1 0.6666666666666666 200.0 0.33333333333333337 1.9999999999999998 1.0
100 2 3 0.40 216 0.37037037037037035 0.6296296296296297 2.16 1.5168922893157883 0.7022649487573095 1 0.6666666666666666 200.0 0.33333333333333337 1.9999999999999998 1.0
100 2 6 0.37 209 0.6555023923444976 0.3444976076555024 2.09 0.5287881521597343 0.253008685243892 1 0.3333333333333333 200.0 0.6666666666666667 0.49999999999999994 0.25
100 2 6 0.39 221 0.6380090497737556 0.36199095022624433 2.21 0.5133448086646041 0.23228271885276203 1 0.3333333333333333 200.0 0.6666666666666667 0.49999999999999994 0.25
100 2 6 0.40 198 0.6767676767676768 0.32323232323232326 1.98 0.47330956679789987 0.23904523575651507 1 0.3333333333333333 200.0 0.6666666666666667 0.49999999999999994 0.25
100 2 6 0.42 218 0.6330275229357798 0.3669724770642202 2.18 0.5119937714090552 0.2348595281692914 1 0.3333333333333333 200.0 0.6666666666666667 0.49999999999999994 0.25
100 2 6 0.37 213 0.6431924882629108 0.3568075117370892 2.13 0.557096317384681 0.26154756684726804 1 0.3333333333333333 200.0 0.6666666666666667 0.49999999999999994 0.25
100 2 25 0.38 195 0.9384615384615385 0.06153846153846154 1.95 0.08364825545749074 0.042896541260251664 1 0.08 200.0 0.92 0.08695652173913043 0.043478260869565216
100 2 25 0.40 199 0.9296482412060302 0.07035175879396985 1.99 0.08114378349002889 0.04077577059800447 1 0.08 200.0 0.92 0.08695652173913043 0.043478260869565216
100 2 25 0.41 161 0.9503105590062112 0.049689440993788817 1.61 0.06190148580662202 0.03844812783020001 1 0.08 200.0 0.92 0.08695652173913043 0.043478260869565216
100 2 25 0.49 216 0.8981481481481481 0.10185185185185185 2.16 0.09487463024252075 0.043923439927092946 1 0.08 200.0 0.92 0.08695652173913043 0.043478260869565216
100 2 25 0.40 212 0.9198113207547169 0.08018867924528301 2.12 0.09424246657765739 0.04445399366870632 1 0.08 200.0 0.92 0.08695652173913043 0.043478260869565216
100 5 6 0.41 503 0.22266401590457258 0.7773359840954275 5.03 4.19610561644863 0.8342158283198071 1 0.8333333333333334 500.0 0.16666666666666663 5.000000000000002 1.0000000000000002
100 5 6 0.39 547 0.09872029250457039 0.9012797074954296 5.47 5.187392779318217 0.9483350602044271 1 0.8333333333333334 500.0 0.16666666666666663 5.000000000000002 1.0000000000000002
100 5 6 0.39 512 0.23828125 0.76171875 5.12 2.653445194234243 0.5182510144988756 1 0.8333333333333334 500.0 0.16666666666666663 5.000000000000002 1.0000000000000002
100 5 6 0.37 477 0.1740041928721174 0.8259958071278826 4.77 4.743777720537167 0.9945026667792803 1 0.8333333333333334 500.0 0.16666666666666663 5.000000000000002 1.0000000000000002
100 5 6 0.39 506 0.19367588932806323 0.8063241106719368 5.06 4.964442792690345 0.9811151764210168 1 0.8333333333333334 500.0 0.16666666666666663 5.000000000000002 1.0000000000000002
100 5 25 0.38 467 0.7987152034261242 0.2012847965738758 4.67 0.23905414325085314 0.05118932403658526 1 0.2 500.0 0.8 0.25 0.05
100 5 25 0.34 500 0.77 0.23 5.0 0.2575691975088033 0.051513839501760667 1 0.2 500.0 0.8 0.25 0.05
100 5 25 0.37 520 0.8057692307692308 0.19423076923076923 5.2 0.2631201605376092 0.05060003087261716 1 0.2 500.0 0.8 0.25 0.05
100 5 25 0.37 521 0.8080614203454894 0.19193857965451055 5.21 0.23791319343481732 0.04566472042894766 1 0.2 500.0 0.8 0.25 0.05
100 5 25 0.42 512 0.794921875 0.205078125 5.12 0.27967120806648316 0.05462328282548499 1 0.2 500.0 0.8 0.25 0.05
100 15 25 0.42 1521 0.38132807363576593 0.6186719263642341 15.21 1.690292725323925 0.11113035669453813 1 0.6 1500.0 0.4 1.4999999999999998 0.1
100 15 25 0.39 1522 0.42706964520367935 0.5729303547963206 15.22 1.5187913246291112 0.0997891803304278 1 0.6 1500.0 0.4 1.4999999999999998 0.1
100 15 25 0.46 1482 0.42780026990553305 0.5721997300944669 14.82 1.5102807229069664 0.10190828089790596 1 0.6 1500.0 0.4 1.4999999999999998 0.1
100 15 25 0.36 1491 0.4386317907444668 0.5613682092555332 14.91 1.3303354376078096 0.08922437542641244 1 0.6 1500.0 0.4 1.4999999999999998 0.1
100 15 25 0.39 1457 0.40288263555250514 0.5971173644474949 14.57 1.6614857240582643 0.114034709955955 1 0.6 1500.0 0.4 1.4999999999999998 0.1
1000 2 3 0.40 1998 0.34934934934934936 0.6506506506506506 1.998 1.6809482902749586 0.8413154605980774 1 0.6666666666666666 2000.0 0.33333333333333337 1.9999999999999998 1.0
1000 2 3 0.39 1958 0.3421859039836568 0.6578140960163432 1.958 2.0748441907124566 1.0596752761554937 1 0.6666666666666666 2000.0 0.33333333333333337 1.9999999999999998 1.0
1000 2 3 0.37 1985 0.3012594458438287 0.6987405541561713 1.985 2.173422312340719 1.0949230792648459 1 0.6666666666666666 2000.0 0.33333333333333337 1.9999999999999998 1.0
1000 2 3 0.37 2005 0.36259351620947633 0.6374064837905237 2.005 1.6444972335151546 0.8201981214539424 1 0.6666666666666666 2000.0 0.33333333333333337 1.9999999999999998 1.0
1000 2 3 0.44 2028 0.3244575936883629 0.6755424063116371 2.028 2.061872649194139 1.0167024897406995 1 0.6666666666666666 2000.0 0.33333333333333337 1.9999999999999998 1.0
1000 2 6 0.42 2125 0.6418823529411765 0.35811764705882354 2.125 0.5466930735504628 0.25726732872962954 1 0.3333333333333333 2000.0 0.6666666666666667 0.49999999999999994 0.25
1000 2 6 0.42 2096 0.6350190839694656 0.36498091603053434 2.096 0.5340196161032645 0.2547803511943056 1 0.3333333333333333 2000.0 0.6666666666666667 0.49999999999999994 0.25
1000 2 6 0.40 2008 0.6668326693227091 0.3331673306772908 2.008 0.5188381421170805 0.25838552894276917 1 0.3333333333333333 2000.0 0.6666666666666667 0.49999999999999994 0.25
1000 2 6 0.37 1909 0.6862231534834992 0.3137768465165008 1.909 0.4707689819850729 0.24660501937405602 1 0.3333333333333333 2000.0 0.6666666666666667 0.49999999999999994 0.25
1000 2 6 0.43 1960 0.6438775510204081 0.35612244897959183 1.96 0.49701544737696773 0.253579309886208 1 0.3333333333333333 2000.0 0.6666666666666667 0.49999999999999994 0.25
1000 2 25 0.36 1973 0.9265078560567663 0.07349214394323365 1.973 0.08229288714392834 0.04170952212059217 1 0.08 2000.0 0.92 0.08695652173913043 0.043478260869565216
1000 2 25 0.44 1989 0.9160382101558572 0.08396178984414278 1.989 0.08690800342968638 0.04369432047746927 1 0.08 2000.0 0.92 0.08695652173913043 0.043478260869565216
1000 2 25 0.41 1971 0.9198376458650431 0.08016235413495687 1.971 0.08551685468876488 0.04338754677258492 1 0.08 2000.0 0.92 0.08695652173913043 0.043478260869565216
1000 2 25 0.37 2007 0.9247633283507724 0.0752366716492277 2.007 0.08767522539510801 0.04368471619088591 1 0.08 2000.0 0.92 0.08695652173913043 0.043478260869565216
1000 2 25 0.37 1938 0.9231166150670794 0.07688338493292053 1.938 0.0836067803443741 0.04314075353166878 1 0.08 2000.0 0.92 0.08695652173913043 0.043478260869565216
1000 5 6 0.41 4936 0.18213128038897894 0.817868719611021 4.936 5.195886372573853 1.0526512100028065 1 0.8333333333333334 5000.0 0.16666666666666663 5.000000000000002 1.0000000000000002
1000 5 6 0.39 5068 0.16988950276243095 0.830110497237569 5.068 4.407470450721021 0.8696666240570288 1 0.8333333333333334 5000.0 0.16666666666666663 5.000000000000002 1.0000000000000002
1000 5 6 0.38 5044 0.14393338620142743 0.8560666137985725 5.044 6.151932205376824 1.2196534903601952 1 0.8333333333333334 5000.0 0.16666666666666663 5.000000000000002 1.0000000000000002
1000 5 6 0.43 5038 0.1647479158396189 0.8352520841603811 5.038 4.9797385731767845 0.9884356040446178 1 0.8333333333333334 5000.0 0.16666666666666663 5.000000000000002 1.0000000000000002
1000 5 6 0.40 5097 0.13694329998038063 0.8630567000196194 5.097 6.6436340252182875 1.3034400677297013 1 0.8333333333333334 5000.0 0.16666666666666663 5.000000000000002 1.0000000000000002
1000 5 25 0.40 4944 0.8078478964401294 0.19215210355987056 4.944 0.2431377690829398 0.0491783513517273 1 0.2 5000.0 0.8 0.25 0.05
1000 5 25 0.38 4968 0.803743961352657 0.196256038647343 4.968 0.2512828498225219 0.05058028378070087 1 0.2 5000.0 0.8 0.25 0.05
1000 5 25 0.39 5033 0.80707331611365 0.1929266838863501 5.033 0.24955977816364103 0.049584696634937614 1 0.2 5000.0 0.8 0.25 0.05
1000 5 25 0.40 4975 0.797788944723618 0.20221105527638192 4.975 0.24798246182291792 0.04984572096943073 1 0.2 5000.0 0.8 0.25 0.05
1000 5 25 0.38 4961 0.7947994355976618 0.20520056440233825 4.961 0.2532979667006412 0.05105784452744229 1 0.2 5000.0 0.8 0.25 0.05
1000 15 25 0.42 15124 0.39242263951335626 0.6075773604866438 15.124 1.5149678573569259 0.10016978691860129 1 0.6 15000.0 0.4 1.4999999999999998 0.1
1000 15 25 0.42 15196 0.3889181363516715 0.6110818636483285 15.196 1.5643257663834038 0.10294325917237455 1 0.6 15000.0 0.4 1.4999999999999998 0.1
1000 15 25 0.43 15221 0.40135339333815123 0.5986466066618488 15.221 1.4871360039439439 0.0977029107117761 1 0.6 15000.0 0.4 1.4999999999999998 0.1
1000 15 25 0.41 15081 0.3986473045554008 0.6013526954445991 15.081 1.5041403595745315 0.09973744178599107 1 0.6 15000.0 0.4 1.4999999999999998 0.1
1000 15 25 0.44 14911 0.40647843873650324 0.5935215612634968 14.911 1.5066342659412633 0.1010417990705696 1 0.6 15000.0 0.4 1.4999999999999998 0.1
10000 2 3 0.44 20086 0.3345116001194862 0.6654883998805138 2.0086 1.9987673469435634 0.9951047231621843 1 0.6666666666666666 20000.0 0.33333333333333337 1.9999999999999998 1.0
10000 2 3 0.47 19905 0.33011806078874656 0.6698819392112535 1.9905 2.000328516213483 1.004937712239881 1 0.6666666666666666 20000.0 0.33333333333333337 1.9999999999999998 1.0
10000 2 3 0.44 19994 0.32404721416424925 0.6759527858357507 1.9994 2.137535691764419 1.0690885724539456 1 0.6666666666666666 20000.0 0.33333333333333337 1.9999999999999998 1.0
10000 2 3 0.42 19897 0.3318088153993064 0.6681911846006936 1.9897 2.019608984380152 1.015031906508595 1 0.6666666666666666 20000.0 0.33333333333333337 1.9999999999999998 1.0
10000 2 3 0.41 20223 0.31968550660139444 0.6803144933986055 2.0223 2.135957847745166 1.0562022685779389 1 0.6666666666666666 20000.0 0.33333333333333337 1.9999999999999998 1.0
10000 2 6 0.39 20000 0.67175 0.32825 2.0 0.49586792295221505 0.24793396147610752 1 0.3333333333333333 20000.0 0.6666666666666667 0.49999999999999994 0.25
10000 2 6 0.43 19988 0.6731038623173904 0.32689613768260956 1.9988 0.49262121824781707 0.2464584842144372 1 0.3333333333333333 20000.0 0.6666666666666667 0.49999999999999994 0.25
10000 2 6 0.42 20240 0.6649209486166008 0.3350790513833992 2.024 0.5046494432102078 0.24933272885879829 1 0.3333333333333333 20000.0 0.6666666666666667 0.49999999999999994 0.25
10000 2 6 0.40 20076 0.6618848376170552 0.3381151623829448 2.0076 0.5142652021663049 0.25615919613782867 1 0.3333333333333333 20000.0 0.6666666666666667 0.49999999999999994 0.25
10000 2 6 0.48 20131 0.6685211862301922 0.33147881376980776 2.0131 0.5096458274922886 0.2531646850590078 1 0.3333333333333333 20000.0 0.6666666666666667 0.49999999999999994 0.25
10000 2 25 0.44 20146 0.9184949865978358 0.0815050134021642 2.0146 0.08796264884621456 0.04366258753410829 1 0.08 20000.0 0.92 0.08695652173913043 0.043478260869565216
10000 2 25 0.42 20127 0.9224424901873106 0.07755750981268943 2.0127 0.08742822681858015 0.043438280329199656 1 0.08 20000.0 0.92 0.08695652173913043 0.043478260869565216
10000 2 25 0.44 20125 0.9199006211180124 0.08009937888198758 2.0125 0.08772173911291847 0.04358844179523899 1 0.08 20000.0 0.92 0.08695652173913043 0.043478260869565216
10000 2 25 0.40 19899 0.9226091763405196 0.07739082365948037 1.9899 0.08496705348441824 0.0426991574875211 1 0.08 20000.0 0.92 0.08695652173913043 0.043478260869565216
10000 2 25 0.46 20164 0.9214937512398333 0.07850624876016664 2.0164 0.08755152949434881 0.04341972301842333 1 0.08 20000.0 0.92 0.08695652173913043 0.043478260869565216
10000 5 6 0.40 50259 0.16534352056348117 0.8346564794365189 5.0259 5.0993557844053585 1.0146154488559975 1 0.8333333333333334 50000.0 0.16666666666666663 5.000000000000002 1.0000000000000002
10000 5 6 0.41 50037 0.166197014209485 0.833802985790515 5.0037 5.007903350444432 1.0008400484530313 1 0.8333333333333334 50000.0 0.16666666666666663 5.000000000000002 1.0000000000000002
10000 5 6 0.48 50093 0.16231808835565847 0.8376819116443415 5.0093 4.98276546751275 0.9947029460229474 1 0.8333333333333334 50000.0 0.16666666666666663 5.000000000000002 1.0000000000000002
10000 5 6 0.48 50138 0.15822330368183812 0.8417766963181619 5.0138 5.36274445936258 1.0695968046915674 1 0.8333333333333334 50000.0 0.16666666666666663 5.000000000000002 1.0000000000000002
10000 5 6 0.48 49895 0.17388515883355046 0.8261148411664495 4.9895 4.4425771426173695 0.8903852375222706 1 0.8333333333333334 50000.0 0.16666666666666663 5.000000000000002 1.0000000000000002
10000 5 25 0.53 50444 0.7937514867972405 0.2062485132027595 5.0444 0.2572974984741882 0.05100656142934506 1 0.2 50000.0 0.8 0.25 0.05
10000 5 25 0.45 50036 0.8028419537932688 0.19715804620673116 5.0036 0.24742542607551776 0.049449481588359934 1 0.2 50000.0 0.8 0.25 0.05
10000 5 25 0.41 49438 0.8044823819733808 0.1955176180266192 4.9438 0.24522037327489893 0.04960159660077247 1 0.2 50000.0 0.8 0.25 0.05
10000 5 25 0.51 50178 0.8021842241619833 0.19781577583801666 5.0178 0.2507975556546413 0.049981576717812844 1 0.2 50000.0 0.8 0.25 0.05
10000 5 25 0.43 49610 0.800342672848216 0.19965732715178391 4.961 0.25085543550024975 0.05056549798432771 1 0.2 50000.0 0.8 0.25 0.05
10000 15 25 0.52 150016 0.4001173208191126 0.5998826791808873 15.0016 1.5035869779315691 0.10022844082841624 1 0.6 150000.0 0.4 1.4999999999999998 0.1
10000 15 25 0.48 149884 0.4045595260334659 0.5954404739665341 14.9884 1.4707436077973988 0.09812545754032444 1 0.6 150000.0 0.4 1.4999999999999998 0.1
10000 15 25 0.62 150536 0.39704788223415 0.60295211776585 15.0536 1.511251362507936 0.10039135904421109 1 0.6 150000.0 0.4 1.4999999999999998 0.1
10000 15 25 0.53 149595 0.4001403790233631 0.5998596209766369 14.9595 1.501314878044755 0.10035862682875463 1 0.6 150000.0 0.4 1.4999999999999998 0.1
10000 15 25 0.47 150223 0.39685667307935535 0.6031433269206447 15.0223 1.5186151864136859 0.10109072421757559 1 0.6 150000.0 0.4 1.4999999999999998 0.1
100000 2 3 0.49 199484 0.33287381444125846 0.6671261855587416 1.99484 1.9986006408159178 1.0018851841831515 1 0.6666666666666666 200000.0 0.33333333333333337 1.9999999999999998 1.0
100000 2 3 0.47 200363 0.33065985236795215 0.6693401476320479 2.00363 1.9999808180757142 0.9981787146707296 1 0.6666666666666666 200000.0 0.33333333333333337 1.9999999999999998 1.0
100000 2 3 0.53 200127 0.33239892668155724 0.6676010733184428 2.00127 2.018637592428395 1.008678285502903 1 0.6666666666666666 200000.0 0.33333333333333337 1.9999999999999998 1.0
100000 2 3 0.46 199666 0.33689261065980186 0.6631073893401981 1.99666 1.9868986311716628 0.9951111512083493 1 0.6666666666666666 200000.0 0.33333333333333337 1.9999999999999998 1.0
100000 2 3 0.49 200909 0.3332752639254588 0.6667247360745412 2.00909 1.9743106422877073 0.9826889996404876 1 0.6666666666666666 200000.0 0.33333333333333337 1.9999999999999998 1.0
100000 2 6 0.50 200440 0.6691029734583915 0.33089702654160846 2.0044 0.4978857833777776 0.24839641956584396 1 0.3333333333333333 200000.0 0.6666666666666667 0.49999999999999994 0.25
100000 2 6 0.47 200057 0.6676247269528185 0.33237527304718156 2.00057 0.49994930801589094 0.24990343152995942 1 0.3333333333333333 200000.0 0.6666666666666667 0.49999999999999994 0.25
100000 2 6 0.48 198941 0.6675949150753239 0.3324050849246762 1.98941 0.49582597672224393 0.24923267537724447 1 0.3333333333333333 200000.0 0.6666666666666667 0.49999999999999994 0.25
100000 2 6 0.51 200957 0.6643261991371289 0.3356738008628712 2.00957 0.5045011291969238 0.2510492937279735 1 0.3333333333333333 200000.0 0.6666666666666667 0.49999999999999994 0.25
100000 2 6 0.59 199884 0.6664065157791519 0.3335934842208481 1.99884 0.4986256609138011 0.24945751581607387 1 0.3333333333333333 200000.0 0.6666666666666667 0.49999999999999994 0.25
100000 2 25 0.54 199434 0.9197328439483738 0.0802671560516261 1.99434 0.08712005807312508 0.04368365377675074 1 0.08 200000.0 0.92 0.08695652173913043 0.043478260869565216
100000 2 25 0.50 200286 0.9194002576315868 0.08059974236841316 2.00286 0.0871872065060019 0.04353135341761376 1 0.08 200000.0 0.92 0.08695652173913043 0.043478260869565216
100000 2 25 0.51 199727 0.9199457259158752 0.08005427408412483 1.99727 0.08694539418193606 0.043532118432628567 1 0.08 200000.0 0.92 0.08695652173913043 0.043478260869565216
100000 2 25 0.52 199855 0.9208576217757874 0.07914237822421255 1.99855 0.08693480649559686 0.04349893997928341 1 0.08 200000.0 0.92 0.08695652173913043 0.043478260869565216
100000 2 25 0.53 199959 0.9203736766037037 0.07962632339629624 1.99959 0.08673871514026028 0.04337825011140298 1 0.08 200000.0 0.92 0.08695652173913043 0.043478260869565216
100000 5 6 0.52 499804 0.16616313594929213 0.8338368640507079 4.99804 4.892029409002205 0.9787895673108269 1 0.8333333333333334 500000.0 0.16666666666666663 5.000000000000002 1.0000000000000002
100000 5 6 0.52 499411 0.16789778358906793 0.8321022164109321 4.99411 4.9223043594555875 0.9856219345299939 1 0.8333333333333334 500000.0 0.16666666666666663 5.000000000000002 1.0000000000000002
100000 5 6 0.57 499941 0.16619761131813554 0.8338023886818645 4.99941 4.965433060005562 0.9932038100506985 1 0.8333333333333334 500000.0 0.16666666666666663 5.000000000000002 1.0000000000000002
100000 5 6 0.56 501043 0.16414958396784307 0.8358504160321569 5.01043 5.102251081113521 1.0183259882112954 1 0.8333333333333334 500000.0 0.16666666666666663 5.000000000000002 1.0000000000000002
100000 5 6 0.61 501111 0.16445258635312335 0.8355474136468767 5.01111 5.070833854457977 1.0119182884546492 1 0.8333333333333334 500000.0 0.16666666666666663 5.000000000000002 1.0000000000000002
100000 5 25 0.51 500594 0.8002273299320407 0.19977267006795926 5.00594 0.24968989499691735 0.049878723076368744 1 0.2 500000.0 0.8 0.25 0.05
100000 5 25 0.50 500648 0.7992681484795705 0.20073185152042952 5.00648 0.25127593235539847 0.05019014004957544 1 0.2 500000.0 0.8 0.25 0.05
100000 5 25 0.47 500132 0.7993309766221718 0.20066902337782824 5.00132 0.25058903501442287 0.05010457939392457 1 0.2 500000.0 0.8 0.25 0.05
100000 5 25 0.52 500658 0.79920624458213 0.2007937554178701 5.00658 0.2502755455169443 0.04998932315411805 1 0.2 500000.0 0.8 0.25 0.05
100000 5 25 0.63 500244 0.8001875084958541 0.19981249150414598 5.00244 0.25023472643782263 0.0500225342908306 1 0.2 500000.0 0.8 0.25 0.05
100000 15 25 0.77 1499916 0.40021307859906824 0.5997869214009318 14.99916 1.4997905400189304 0.09999163553285186 1 0.6 1500000.0 0.4 1.4999999999999998 0.1
100000 15 25 0.71 1500876 0.39843598005431496 0.6015640199456851 15.00876 1.510577032495818 0.10064635802663364 1 0.6 1500000.0 0.4 1.4999999999999998 0.1
100000 15 25 0.62 1499915 0.4007927115869899 0.5992072884130101 14.99915 1.4992240762298856 0.09995393580502134 1 0.6 1500000.0 0.4 1.4999999999999998 0.1
100000 15 25 0.61 1500253 0.3997905686574198 0.6002094313425802 15.00253 1.4991852243196575 0.09992882695916339 1 0.6 1500000.0 0.4 1.4999999999999998 0.1
100000 15 25 0.63 1498383 0.4002314495025638 0.5997685504974363 14.98383 1.5000276896776992 0.10010976430443347 1 0.6 1500000.0 0.4 1.4999999999999998 0.1
1000000 2 3 0.66 2000544 0.33452250987731336 0.6654774901226866 2.000544 1.992777072279152 0.99611759215451 1 0.6666666666666666 2000000.0 0.33333333333333337 1.9999999999999998 1.0
1000000 2 3 0.66 2000591 0.334735585634445 0.665264414365555 2.000591 1.9907571812710803 0.9950845431530384 1 0.6666666666666666 2000000.0 0.33333333333333337 1.9999999999999998 1.0
1000000 2 3 0.66 2000390 0.3331035448087623 0.6668964551912377 2.00039 1.9980247402176163 0.9988176006766762 1 0.6666666666666666 2000000.0 0.33333333333333337 1.9999999999999998 1.0
1000000 2 3 0.68 1996560 0.3332486877429178 0.6667513122570822 1.99656 2.0025598337372505 1.0030050856158845 1 0.6666666666666666 2000000.0 0.33333333333333337 1.9999999999999998 1.0
1000000 2 3 0.66 1997027 0.3329319032742171 0.6670680967257828 1.997027 2.002820264461858 1.002900944484906 1 0.6666666666666666 2000000.0 0.33333333333333337 1.9999999999999998 1.0
1000000 2 6 0.68 1999713 0.6663406198789527 0.33365938012104734 1.999713 0.5005960733035885 0.25033395957499327 1 0.3333333333333333 2000000.0 0.6666666666666667 0.49999999999999994 0.25
1000000 2 6 0.66 1999095 0.6668822642245616 0.3331177357754384 1.999095 0.499628559553715 0.24992737191264797 1 0.3333333333333333 2000000.0 0.6666666666666667 0.49999999999999994 0.25
1000000 2 6 0.68 2000954 0.6670458191442682 0.3329541808557318 2.000954 0.4985987411316538 0.2491805114618596 1 0.3333333333333333 2000000.0 0.6666666666666667 0.49999999999999994 0.25
1000000 2 6 0.67 1999321 0.6668573980866505 0.3331426019133496 1.999321 0.49930798980691493 0.24973878121968154 1 0.3333333333333333 2000000.0 0.6666666666666667 0.49999999999999994 0.25
1000000 2 6 0.66 1999916 0.6668565079733348 0.3331434920266651 1.999916 0.49930867428099085 0.24966482306306406 1 0.3333333333333333 2000000.0 0.6666666666666667 0.49999999999999994 0.25
1000000 2 25 0.68 2001577 0.9203947687248605 0.07960523127513955 2.001577 0.08689084387326078 0.04341119221157157 1 0.08 2000000.0 0.92 0.08695652173913043 0.043478260869565216
1000000 2 25 0.66 2000883 0.9197794173872236 0.08022058261277645 2.000883 0.08713882788632261 0.04355018653580575 1 0.08 2000000.0 0.92 0.08695652173913043 0.043478260869565216
1000000 2 25 0.64 2001667 0.9199067577174425 0.08009324228255749 2.001667 0.08709502805014956 0.043511247400366576 1 0.08 2000000.0 0.92 0.08695652173913043 0.043478260869565216
1000000 2 25 0.69 1998848 0.9200649574154713 0.07993504258452869 1.998848 0.08694370554331977 0.043496906990086175 1 0.08 2000000.0 0.92 0.08695652173913043 0.043478260869565216
1000000 2 25 0.70 2002120 0.9201611292030448 0.07983887079695523 2.00212 0.08702430566120345 0.043466078787087414 1 0.08 2000000.0 0.92 0.08695652173913043 0.043478260869565216
1000000 5 6 1.06 5001010 0.16663893893433526 0.8333610610656648 5.00101 5.001624179977479 1.0001228111876357 1 0.8333333333333334 5000000.0 0.16666666666666663 5.000000000000002 1.0000000000000002
1000000 5 6 1.13 4995152 0.16739730843025397 0.832602691569746 4.995152 4.955260378562937 0.9920139324214633 1 0.8333333333333334 5000000.0 0.16666666666666663 5.000000000000002 1.0000000000000002
1000000 5 6 1.11 5006113 0.16530569725453662 0.8346943027454634 5.006113 5.068643298608843 1.0124907884837684 1 0.8333333333333334 5000000.0 0.16666666666666663 5.000000000000002 1.0000000000000002
1000000 5 6 1.00 4996874 0.1667610590140956 0.8332389409859043 4.996874 4.990085272671124 0.9986414051407188 1 0.8333333333333334 5000000.0 0.16666666666666663 5.000000000000002 1.0000000000000002
1000000 5 6 1.00 4999770 0.1673404976628925 0.8326595023371075 4.99977 4.947142405588634 0.9894739969215852 1 0.8333333333333334 5000000.0 0.16666666666666663 5.000000000000002 1.0000000000000002
1000000 5 25 1.05 4997253 0.8002226423196904 0.19977735768030958 4.997253 0.24958079624178556 0.04994359826124183 1 0.2 5000000.0 0.8 0.25 0.05
1000000 5 25 1.04 5002240 0.7999260331371546 0.20007396686284545 5.00224 0.25000431197061634 0.049978472038649954 1 0.2 5000000.0 0.8 0.25 0.05
1000000 5 25 1.10 5003854 0.8000383304548854 0.19996166954511463 5.003854 0.2500035571863997 0.049962200573078215 1 0.2 5000000.0 0.8 0.25 0.05
1000000 5 25 1.25 5002720 0.7999384334921803 0.20006156650781975 5.00272 0.25017329883067074 0.050007455710227786 1 0.2 5000000.0 0.8 0.25 0.05
1000000 5 25 1.04 5001001 0.7999944411128892 0.2000055588871108 5.001001 0.250231237950215 0.05003623033672959 1 0.2 5000000.0 0.8 0.25 0.05
1000000 15 25 2.24 14997700 0.40022003373850656 0.5997799662614934 14.9977 1.4982088479067925 0.09989590723289521 1 0.6 1.5E7 0.4 1.4999999999999998 0.1
1000000 15 25 2.21 15002140 0.40015717757599917 0.5998428224240009 15.00214 1.500906377586164 0.10004615192140348 1 0.6 1.5E7 0.4 1.4999999999999998 0.1
1000000 15 25 2.23 15001272 0.39975423417427536 0.6002457658257246 15.001272 1.5017138114434736 0.10010576512734878 1 0.6 1.5E7 0.4 1.4999999999999998 0.1
1000000 15 25 2.27 15000740 0.39999626685083534 0.6000037331491647 15.00074 1.5014613457591481 0.10009248515467559 1 0.6 1.5E7 0.4 1.4999999999999998 0.1
1000000 15 25 2.15 15010156 0.3992809934820131 0.6007190065179869 15.010156 1.5031497310722988 0.10014217914006349 1 0.6 1.5E7 0.4 1.4999999999999998 0.1
10000000 2 3 2.75 20012110 0.3331567735736012 0.6668432264263988 2.001211 2.000525263465242 0.9996573392137271 1 0.6666666666666666 2.0E7 0.33333333333333337 1.9999999999999998 1.0
10000000 2 3 2.73 19999143 0.33323672919384595 0.666763270806154 1.9999143 2.0016216350109377 1.000853704086689 1 0.6666666666666666 2.0E7 0.33333333333333337 1.9999999999999998 1.0
10000000 2 3 2.79 20004812 0.3329891328146448 0.6670108671853552 2.0004812 2.000263842347033 0.9998913473153525 1 0.6666666666666666 2.0E7 0.33333333333333337 1.9999999999999998 1.0
10000000 2 3 2.76 20006626 0.33314527896907753 0.6668547210309225 2.0006626 2.0031901914241983 1.0012633771552477 1 0.6666666666666666 2.0E7 0.33333333333333337 1.9999999999999998 1.0
10000000 2 3 2.81 20012093 0.33317509567839804 0.6668249043216019 2.0012093 2.000864575820041 0.9998277420657805 1 0.6666666666666666 2.0E7 0.33333333333333337 1.9999999999999998 1.0
10000000 2 6 2.70 19995454 0.6666938395097206 0.33330616049027945 1.9995454 0.5003600887841486 0.25023692324472785 1 0.3333333333333333 2.0E7 0.6666666666666667 0.49999999999999994 0.25
10000000 2 6 2.70 19993799 0.6667433737830414 0.33325662621695856 1.9993799 0.4997593256393565 0.24995716203776805 1 0.3333333333333333 2.0E7 0.6666666666666667 0.49999999999999994 0.25
10000000 2 6 2.74 20001364 0.6665147936910703 0.33348520630892975 2.0001364 0.5000613780813481 0.2500136381105549 1 0.3333333333333333 2.0E7 0.6666666666666667 0.49999999999999994 0.25
10000000 2 6 2.85 19997424 0.6668128854996523 0.33318711450034766 1.9997424 0.4996228742802739 0.2498436169980063 1 0.3333333333333333 2.0E7 0.6666666666666667 0.49999999999999994 0.25
10000000 2 6 2.76 20001409 0.6665896387599494 0.33341036124005063 2.0001409 0.5000755449409287 0.25002015855029447 1 0.3333333333333333 2.0E7 0.6666666666666667 0.49999999999999994 0.25
10000000 2 25 2.68 19998362 0.9198405849439069 0.0801594150560931 1.9998362 0.08696421927168937 0.043485671112308784 1 0.08 2.0E7 0.92 0.08695652173913043 0.043478260869565216
10000000 2 25 2.70 20000318 0.9200117218136231 0.07998827818637684 2.0000318 0.08695726714581332 0.04347794227362451 1 0.08 2.0E7 0.92 0.08695652173913043 0.043478260869565216
10000000 2 25 2.79 20001692 0.9198984265931103 0.08010157340688978 2.0001692 0.08698797034238864 0.04349030589131592 1 0.08 2.0E7 0.92 0.08695652173913043 0.043478260869565216
10000000 2 25 2.71 19993811 0.9200066460566222 0.07999335394337778 1.9993811 0.0869288829385177 0.043477895704084474 1 0.08 2.0E7 0.92 0.08695652173913043 0.043478260869565216
10000000 2 25 2.78 20001681 0.9200108230903192 0.07998917690968074 2.0001681 0.08697065794158594 0.04348167433606503 1 0.08 2.0E7 0.92 0.08695652173913043 0.043478260869565216
10000000 5 6 6.70 50003135 0.16645916301047925 0.8335408369895208 5.0003135 5.011010917158456 1.0021393492944903 1 0.8333333333333334 5.0E7 0.16666666666666663 5.000000000000002 1.0000000000000002
10000000 5 6 6.56 50004537 0.16651525040617815 0.8334847495938219 5.0004537 5.001090983495085 1.0001274451346456 1 0.8333333333333334 5.0E7 0.16666666666666663 5.000000000000002 1.0000000000000002
10000000 5 6 6.82 49990325 0.1669622872025737 0.8330377127974263 4.9990325 4.985902104642437 0.9973734126838418 1 0.8333333333333334 5.0E7 0.16666666666666663 5.000000000000002 1.0000000000000002
10000000 5 6 6.54 49976782 0.16708550782641426 0.8329144921735857 4.9976782 4.989171250592089 0.9982978196939708 1 0.8333333333333334 5.0E7 0.16666666666666663 5.000000000000002 1.0000000000000002
10000000 5 6 6.48 49990339 0.1667934478299897 0.8332065521700103 4.9990339 4.99575148155651 0.9993433894410096 1 0.8333333333333334 5.0E7 0.16666666666666663 5.000000000000002 1.0000000000000002
10000000 5 25 6.55 50006352 0.7999497543832031 0.20005024561679685 5.0006352 0.2500160764349159 0.04999686368542059 1 0.2 5.0E7 0.8 0.25 0.05
10000000 5 25 6.46 49991929 0.8000084173587301 0.19999158264126995 4.9991929 0.24992413794276327 0.04999289744205775 1 0.2 5.0E7 0.8 0.25 0.05
10000000 5 25 6.49 49988505 0.8000686757885638 0.1999313242114362 4.9988505 0.24994053395704144 0.04999960169983908 1 0.2 5.0E7 0.8 0.25 0.05
10000000 5 25 6.65 50011219 0.7998379523602495 0.2001620476397506 5.0011219 0.25011990241945803 0.05001275862111221 1 0.2 5.0E7 0.8 0.25 0.05
10000000 5 25 6.54 50003180 0.7999802412566561 0.20001975874334393 5.000318 0.25005123785211164 0.05000706712095344 1 0.2 5.0E7 0.8 0.25 0.05
10000000 15 25 19.35 149984612 0.4000003813724571 0.5999996186275429 14.9984612 1.4998396575072022 0.09999956912294457 1 0.6 1.5E8 0.4 1.4999999999999998 0.1
10000000 15 25 18.86 149996065 0.40011258295342617 0.5998874170465739 14.9996065 1.498945573680937 0.09993232647009352 1 0.6 1.5E8 0.4 1.4999999999999998 0.1
10000000 15 25 18.86 149979848 0.40004574481232974 0.5999542551876703 14.9979848 1.49991018975538 0.10000744831768199 1 0.6 1.5E8 0.4 1.4999999999999998 0.1
10000000 15 25 18.77 149977604 0.4001300420828166 0.5998699579171834 14.9977604 1.4991167614186611 0.09995604153128497 1 0.6 1.5E8 0.4 1.4999999999999998 0.1
10000000 15 25 19.41 150011083 0.39998731293740475 0.6000126870625953 15.0011083 1.5002309257012998 0.10000800578856563 1 0.6 1.5E8 0.4 1.4999999999999998 0.1
100000000 2 3 25.04 199999691 0.3333693200555995 0.6666306799444005 1.99999691 2.0002290488153602 1.0001160695870075 1 0.6666666666666666 2.0E8 0.33333333333333337 1.9999999999999998 1.0
100000000 2 3 25.01 199995585 0.33334897367859395 0.666651026321406 1.99995585 1.9997239730421439 0.9998840589616735 1 0.6666666666666666 2.0E8 0.33333333333333337 1.9999999999999998 1.0
100000000 2 3 25.42 200014550 0.33329288294276593 0.6667071170572341 2.0001455 2.0006736218673438 1.0002640417246365 1 0.6666666666666666 2.0E8 0.33333333333333337 1.9999999999999998 1.0
100000000 2 3 25.32 199992266 0.3333278397875646 0.6666721602124354 1.99992266 2.0011726894845063 1.000625038912508 1 0.6666666666666666 2.0E8 0.33333333333333337 1.9999999999999998 1.0
100000000 2 3 25.06 199986218 0.3333478009969667 0.6666521990030333 1.99986218 1.9995954899783757 0.9998666457997499 1 0.6666666666666666 2.0E8 0.33333333333333337 1.9999999999999998 1.0
100000000 2 6 25.14 200008585 0.6665726423693263 0.3334273576306737 2.00008585 0.500165064035555 0.25007179768586185 1 0.3333333333333333 2.0E8 0.6666666666666667 0.49999999999999994 0.25
100000000 2 6 25.13 199990231 0.6666977048493934 0.3333022951506066 1.99990231 0.4999411904643463 0.24998280564231476 1 0.3333333333333333 2.0E8 0.6666666666666667 0.49999999999999994 0.25
100000000 2 6 25.12 199988322 0.6666704968903134 0.33332950310968656 1.99988322 0.49994524094918885 0.24998721722820838 1 0.3333333333333333 2.0E8 0.6666666666666667 0.49999999999999994 0.25
100000000 2 6 25.25 199982978 0.6666827063651387 0.3333172936348613 1.99982978 0.499922587201601 0.24998256961730062 1 0.3333333333333333 2.0E8 0.6666666666666667 0.49999999999999994 0.25
100000000 2 6 24.97 200023233 0.666673085920974 0.33332691407902604 2.00023233 0.5000460886830618 0.24999400378808084 1 0.3333333333333333 2.0E8 0.6666666666666667 0.49999999999999994 0.25
100000000 2 25 24.65 199997648 0.919962108754399 0.08003789124560105 1.99997648 0.08696509538634267 0.04348305905394581 1 0.08 2.0E8 0.92 0.08695652173913043 0.043478260869565216
100000000 2 25 24.65 200020043 0.9199721599899866 0.0800278400100134 2.00020043 0.08697192483561955 0.04348160490877384 1 0.08 2.0E8 0.92 0.08695652173913043 0.043478260869565216
100000000 2 25 24.68 199998857 0.9199654576025902 0.0800345423974098 1.99998857 0.08697038361463277 0.04348544032660785 1 0.08 2.0E8 0.92 0.08695652173913043 0.043478260869565216
100000000 2 25 24.73 199994637 0.9199734690885736 0.08002653091142639 1.99994637 0.08695267225349458 0.04347750197596278 1 0.08 2.0E8 0.92 0.08695652173913043 0.043478260869565216
100000000 2 25 25.26 199991766 0.9200340678025715 0.07996593219742856 1.99991766 0.08694350022255946 0.04347353991691811 1 0.08 2.0E8 0.92 0.08695652173913043 0.043478260869565216
100000000 5 6 62.00 499984517 0.16665519864488124 0.8333448013551188 4.99984517 5.000160034677075 1.0000629748854952 1 0.8333333333333334 5.0E8 0.16666666666666663 5.000000000000002 1.0000000000000002
100000000 5 6 61.58 499995185 0.16667084504023774 0.8333291549597622 4.99995185 4.999583704977191 0.9999263702863841 1 0.8333333333333334 5.0E8 0.16666666666666663 5.000000000000002 1.0000000000000002
100000000 5 6 61.76 499994272 0.16672156396223675 0.8332784360377633 4.99994272 4.998432684635833 0.9996979894673338 1 0.8333333333333334 5.0E8 0.16666666666666663 5.000000000000002 1.0000000000000002
100000000 5 6 62.08 499999356 0.16665801065551772 0.8333419893444822 4.99999356 5.000750354145221 1.0001513590239945 1 0.8333333333333334 5.0E8 0.16666666666666663 5.000000000000002 1.0000000000000002
100000000 5 6 62.45 500026062 0.1665113487624571 0.8334886512375429 5.00026062 5.005126395891758 1.0009731044562549 1 0.8333333333333334 5.0E8 0.16666666666666663 5.000000000000002 1.0000000000000002
100000000 5 25 62.38 499987191 0.7999928442166832 0.20000715578331685 4.99987191 0.25000451606753704 0.05000218416946146 1 0.2 5.0E8 0.8 0.25 0.05
100000000 5 25 62.67 500021454 0.7999691029257316 0.20003089707426833 5.00021454 0.2500086516159392 0.049999584940997197 1 0.2 5.0E8 0.8 0.25 0.05
100000000 5 25 62.44 500006051 0.8000440758665939 0.19995592413340613 5.00006051 0.24998547431796792 0.049996489806073956 1 0.2 5.0E8 0.8 0.25 0.05
100000000 5 25 62.73 500001975 0.7999990360038078 0.20000096399619222 5.00001975 0.25000417239472317 0.05000063697642858 1 0.2 5.0E8 0.8 0.25 0.05
100000000 5 25 62.54 500017570 0.7999705490349069 0.2000294509650931 5.0001757 0.2500180581517683 0.05000185456518424 1 0.2 5.0E8 0.8 0.25 0.05
100000000 15 25 188.84 1499979491 0.4000163266232285 0.5999836733767715 14.99979491 1.5000130988043028 0.10000224055092116 1 0.6 1.5E9 0.4 1.4999999999999998 0.1
100000000 15 25 187.88 1500031912 0.39998900036734686 0.6000109996326531 15.00031912 1.4998896703647953 0.09999051742605829 1 0.6 1.5E9 0.4 1.4999999999999998 0.1
100000000 15 25 187.42 1499962989 0.4000063410897934 0.5999936589102066 14.99962989 1.499896655664254 0.09999557766850031 1 0.6 1.5E9 0.4 1.4999999999999998 0.1
100000000 15 25 189.81 1499990105 0.40000915672707055 0.5999908432729295 14.99990105 1.5000462226340505 0.10000374120028283 1 0.6 1.5E9 0.4 1.4999999999999998 0.1
100000000 15 25 187.31 1500043853 0.3999658968636832 0.6000341031363168 15.00043853 1.5000952136482408 0.10000342394311594 1 0.6 1.5E9 0.4 1.4999999999999998 0.1
